Namespace(compute_vocab=False, cross_k=10, embed_algo='glove', epochs=100, hidden_state='256,256,128,64,32', hidden_tuning=None, lam=0.1, lr='1.0,0.5,0.1,0.05,0.01', network='lr', p=0.1, regulariser='l2')
[1.0, 0.5, 0.1, 0.05, 0.01]



Running Logistic Regression: learning rate 1.0
39.02439024390244 99.6386630532972
39.83739837398374 99.7289972899729
36.58536585365854 99.81933152664858
36.17886178861789 99.77416440831074
39.02439024390244 99.74706413730803
39.83739837398374 99.72899728997288
39.37282229965157 99.71609239901922
38.109756097560975 99.70641373080397
38.21138211382114 99.69888587774767
38.292682926829265 99.69286359530263
Train Accuracy: 99.69286359530263 
Validation Accuracy: 38.292682926829265
0.2513309005277703
[0.14545455 0.         0.15189873 0.45544554 0.38888889 0.
 0.36015326 0.46590909 0.16216216 0.07142857 0.34666667 0.36263736
 0.31578947 0.         0.         0.50314465 0.54304636]



Running Logistic Regression: learning rate 0.5
30.89430894308943 100.0
34.959349593495936 99.8193315266486
34.68834688346883 99.75910870219813
36.38211382113821 99.7289972899729
36.58536585365854 99.71093044263776
38.07588075880759 99.69888587774767
38.79210220673635 99.69028261711189
38.71951219512195 99.68383017163507
39.205058717253834 99.67881160293086
38.86178861788618 99.69286359530264
Train Accuracy: 99.69286359530264 
Validation Accuracy: 38.86178861788618
0.2530991797113147
[0.20338983 0.         0.16438356 0.43093923 0.37086093 0.
 0.37288136 0.5        0.14285714 0.         0.35135135 0.34852547
 0.30573248 0.         0.         0.55294118 0.55882353]



Running Logistic Regression: learning rate 0.1
30.08130081300813 99.8193315266486
30.48780487804878 99.7289972899729
34.146341463414636 99.69888587774767
35.16260162601626 99.72899728997291
34.47154471544716 99.71093044263776
34.552845528455286 99.69888587774767
36.469221835075494 99.69028261711189
36.58536585365854 99.68383017163507
37.48870822041553 99.67881160293086
38.3739837398374 99.69286359530264
Train Accuracy: 99.69286359530264 
Validation Accuracy: 38.3739837398374
0.25412698446559623
[0.24489796 0.         0.125      0.42105263 0.36486486 0.
 0.34375    0.47953216 0.16901408 0.         0.39344262 0.39480519
 0.30853994 0.         0.         0.49848024 0.57677903]



Running Logistic Regression: learning rate 0.05
36.58536585365854 99.8193315266486
35.77235772357724 99.8193315266486
36.31436314363143 99.75910870219813
37.39837398373984 99.7289972899729
37.88617886178862 99.71093044263776
39.29539295392954 99.7289972899729
39.48896631823461 99.71609239901922
39.329268292682926 99.70641373080397
39.92773261065944 99.69888587774767
39.43089430894309 99.69286359530263
Train Accuracy: 99.69286359530263 
Validation Accuracy: 39.43089430894309
0.2709139783456594
[0.27692308 0.         0.12987013 0.47668394 0.42028986 0.
 0.35424354 0.45977011 0.2        0.07407407 0.32835821 0.36683417
 0.2923588  0.13333333 0.         0.55621302 0.53658537]



Running Logistic Regression: learning rate 0.01
42.27642276422764 99.6386630532972
41.05691056910569 99.6386630532972
40.379403794037934 99.6386630532972
38.82113821138211 99.6386630532972
39.34959349593496 99.67479674796748
39.15989159891599 99.69888587774767
39.14053426248548 99.69028261711189
38.82113821138211 99.68383017163507
39.11472448057813 99.69888587774768
38.78048780487804 99.69286359530263
Train Accuracy: 99.69286359530263 
Validation Accuracy: 38.78048780487804
0.25823450891444405
[0.2745098  0.         0.13636364 0.43434343 0.39189189 0.
 0.32156863 0.47272727 0.16666667 0.06666667 0.33333333 0.35924933
 0.37037037 0.         0.         0.52272727 0.53956835]
