Namespace(compute_vocab=False, cross_k=10, embed_algo='glove', epochs=100, hidden_state='256,256,128,64,32', hidden_tuning=None, lam=0.1, lr='10,5,2.5,0.001,0.0001,0.00001', network='lr', p=0.1, regulariser='l2')
[10.0, 5.0, 2.5, 0.001, 0.0001, 1e-05]



Running Logistic Regression: learning rate 10.0
30.89430894308943 99.8193315266486
36.17886178861789 99.8193315266486
35.230352303523034 99.75910870219813
35.77235772357724 99.7289972899729
36.58536585365854 99.71093044263776
36.58536585365854 99.69888587774767
36.81765389082462 99.69028261711189
36.890243902439025 99.68383017163507
36.856368563685635 99.69888587774768
37.479674796747965 99.69286359530263
Train Accuracy: 99.69286359530263 
Validation Accuracy: 37.479674796747965
0.24961081811899105
[0.23880597 0.         0.2        0.44680851 0.36986301 0.
 0.37254902 0.46560847 0.2        0.         0.30769231 0.36363636
 0.23703704 0.         0.         0.49444444 0.54693878]



Running Logistic Regression: learning rate 5.0
34.959349593495936 99.8193315266486
39.837398373983746 99.7289972899729
41.19241192411925 99.69888587774767
39.63414634146342 99.68383017163505
37.72357723577237 99.67479674796748
38.3468834688347 99.66877446552242
38.095238095238095 99.69028261711188
38.00813008130081 99.68383017163504
37.217705510388434 99.69888587774766
37.80487804878048 99.69286359530261
Train Accuracy: 99.69286359530261 
Validation Accuracy: 37.80487804878048
0.2647026735599573
[0.25454545 0.         0.16901408 0.40609137 0.3537415  0.
 0.35471698 0.44444444 0.25352113 0.07142857 0.37681159 0.35579515
 0.30959752 0.13333333 0.         0.48048048 0.53642384]



Running Logistic Regression: learning rate 2.5
41.46341463414634 99.8193315266486
38.21138211382114 99.7289972899729
39.295392953929536 99.75910870219813
38.82113821138211 99.7289972899729
37.88617886178862 99.71093044263776
36.72086720867209 99.7289972899729
38.095238095238095 99.71609239901922
37.90650406504065 99.70641373080397
38.482384823848236 99.69888587774767
37.886178861788615 99.71093044263776
Train Accuracy: 99.71093044263776 
Validation Accuracy: 37.886178861788615
0.24485987717530958
[0.2        0.         0.11594203 0.44444444 0.3943662  0.
 0.38162544 0.45614035 0.14705882 0.         0.33846154 0.33239437
 0.31231231 0.         0.         0.51461988 0.52525253]



Running Logistic Regression: learning rate 0.001
45.52845528455285 99.6386630532972
39.430894308943095 99.6386630532972
38.211382113821145 99.6386630532972
37.398373983739845 99.6386630532972
37.23577235772358 99.6386630532972
37.26287262872629 99.6386630532972
36.35307781649246 99.69028261711188
36.28048780487806 99.68383017163504
35.86269196025294 99.67881160293084
36.991869918699194 99.67479674796748
Train Accuracy: 99.67479674796748 
Validation Accuracy: 36.991869918699194
0.2456765368801572
[0.30188679 0.         0.12658228 0.41269841 0.37333333 0.
 0.36434109 0.48235294 0.02985075 0.         0.28787879 0.32417582
 0.30363036 0.1        0.         0.51724138 0.55252918]



Running Logistic Regression: learning rate 0.0001
36.58536585365854 99.6386630532972
34.959349593495936 99.6386630532972
38.48238482384824 99.6386630532972
38.41463414634146 99.6386630532972
36.91056910569106 99.67479674796748
37.26287262872629 99.66877446552242
37.04994192799071 99.66447283520453
37.39837398373984 99.66124661246613
37.39837398373984 99.67881160293085
37.479674796747965 99.67479674796748
Train Accuracy: 99.67479674796748 
Validation Accuracy: 37.479674796747965
0.24493804664444796
[0.21052632 0.         0.13513514 0.42780749 0.37086093 0.
 0.37777778 0.45977011 0.21621622 0.         0.29166667 0.38207547
 0.25899281 0.         0.         0.51343284 0.51968504]



Running Logistic Regression: learning rate 1e-05
40.65040650406504 100.0
40.24390243902439 99.8193315266486
39.02439024390244 99.75910870219813
37.80487804878049 99.7289972899729
37.39837398373984 99.71093044263776
38.61788617886179 99.69888587774767
38.443670150987224 99.69028261711189
38.61788617886179 99.68383017163507
38.030713640469735 99.69888587774768
38.45528455284553 99.69286359530263
Train Accuracy: 99.69286359530263 
Validation Accuracy: 38.45528455284553
0.26053236982830064
[0.30769231 0.         0.12048193 0.43298969 0.37762238 0.
 0.33587786 0.46153846 0.17391304 0.         0.34210526 0.35204082
 0.36129032 0.11764706 0.         0.50299401 0.54285714]
