Namespace(compute_vocab=False, cross_k=10, embed_algo='glove', epochs=100, hidden_state='256,256,128,64,32', hidden_tuning='512,256,128,64,32', lam=0.1, lr='1.0,0.5,0.1,0.05,0.01', network='nn', p=0.1, regulariser='l2')
[512, 256, 128, 64, 32]



Running Neural Network: hidden neurons 512
35.77235772357724 97.5609756097561
34.146341463414636 97.69647696476966
33.87533875338753 97.8319783197832
33.333333333333336 97.85456187895213
33.333333333333336 97.85004516711834
34.41734417344174 97.86208973200843
34.72706155632985 97.84488321073687
35.16260162601626 97.84327009936766
35.41102077687444 97.85205259460002
35.203252032520325 97.85907859078591
Train Accuracy: 97.85907859078591 
Validation Accuracy: 35.203252032520325
0.23415369677003792
[0.11320755 0.         0.21505376 0.41666667 0.40789474 0.
 0.29310345 0.42696629 0.         0.16666667 0.32967033 0.36363636
 0.31362468 0.         0.         0.42023346 0.51388889]



Running Neural Network: hidden neurons 256
39.02439024390244 98.01264679313459
36.17886178861789 98.05781391147244
35.77235772357724 98.07286961758506
35.77235772357724 98.01264679313459
35.44715447154472 98.04878048780488
34.68834688346884 97.95242396868413
34.37862950058072 97.98683701122727
35.8739837398374 98.03523035230353
35.95302619692863 98.07286961758507
35.609756097560975 98.08491418247516
Train Accuracy: 98.08491418247516 
Validation Accuracy: 35.609756097560975
0.23414237566385132
[0.09302326 0.         0.22222222 0.46078431 0.24299065 0.
 0.36056338 0.45054945 0.07017544 0.05882353 0.29032258 0.30853994
 0.30322581 0.         0.10526316 0.44923077 0.56470588]



Running Neural Network: hidden neurons 128
37.39837398373984 99.1869918699187
36.58536585365854 99.1869918699187
36.856368563685635 99.15688045769348
38.21138211382114 99.11924119241192
38.048780487804876 99.13279132791328
38.48238482384824 99.14182475158084
39.256678281068524 99.13537230610402
39.63414634146341 99.10794941282747
39.295392953929536 99.07658335842618
39.43089430894308 99.096657633243
Train Accuracy: 99.096657633243 
Validation Accuracy: 39.43089430894308
0.2728670043173853
[0.26415094 0.         0.20512821 0.43850267 0.32857143 0.
 0.3956044  0.47777778 0.20588235 0.07142857 0.37142857 0.37864078
 0.30519481 0.125      0.         0.5        0.57142857]



Running Neural Network: hidden neurons 64
42.27642276422764 99.1869918699187
37.39837398373984 99.05149051490514
40.37940379403794 99.12676904546822
40.24390243902439 99.16440831074976
40.0 99.18699186991869
39.29539295392954 99.18699186991869
39.83739837398374 99.17408697896501
39.83739837398374 99.18699186991869
39.656729900632335 99.17695473251028
39.02439024390243 99.16892502258355
Train Accuracy: 99.16892502258355 
Validation Accuracy: 39.02439024390243
0.26299422996516514
[0.24489796 0.         0.18918919 0.44444444 0.36986301 0.
 0.36101083 0.46067416 0.25352113 0.07142857 0.32       0.36090226
 0.33650794 0.         0.         0.52662722 0.53183521]



Running Neural Network: hidden neurons 32
42.27642276422764 98.7353206865402
36.99186991869919 99.0063233965673
39.83739837398374 98.94610057211683
41.463414634146346 98.98373983739837
40.81300813008131 99.04245709123758
40.921409214092144 99.05149051490514
40.76655052264808 99.0450380694283
40.447154471544714 99.02890695573622
39.74706413730804 99.04647194620094
40.32520325203252 99.06955736224027
Train Accuracy: 99.06955736224027 
Validation Accuracy: 40.32520325203252
0.2708527971901244
[0.15686275 0.         0.21052632 0.44329897 0.37681159 0.
 0.39215686 0.45614035 0.23188406 0.         0.3943662  0.39
 0.32615385 0.125      0.         0.53295129 0.56834532]
