Namespace(compute_vocab=False, cross_k=10, embed_algo='glove', epochs=100, hidden_state='256,128,64,32', hidden_tuning=None, lam=0.2, lr='0.0000001,0.00000001,0.000000001,0.0000000001,0.00000000001', network='nn2', p=0.1, regulariser='l2')
[1e-07, 1e-08, 1e-09, 1e-10, 1e-11]



Running Neural Network 2: learning rate 1e-07
22.764227642276424 51.76151761517615
24.390243902439025 53.477868112014455
23.848238482384826 53.538090936464926
22.96747967479675 53.116531165311656
22.601626016260163 52.97199638663053
21.544715447154474 53.13158687142427
20.905923344947734 52.7293844367015
20.833333333333332 53.10523938572719
21.499548328816623 52.955936966777074
21.95121951219512 52.72809394760615
Train Accuracy: 52.72809394760615 
Validation Accuracy: 21.95121951219512
0.1491235688803805
[0.08163265 0.         0.09756098 0.37333333 0.17567568 0.
 0.19672131 0.42458101 0.17948718 0.1025641  0.         0.18181818
 0.27835052 0.         0.         0.17064846 0.27272727]



Running Neural Network 2: learning rate 1e-08
17.88617886178862 85.63685636856368
19.918699186991873 86.94670280036134
19.783197831978324 85.75730201746462
19.308943089430898 85.61427280939478
19.186991869918703 86.50406504065043
19.64769647696477 86.0885275519422
19.396051103368176 86.0885275519422
20.22357723577236 86.7208672086721
20.14453477868112 86.70079293385528
19.67479674796748 86.97380307136407
Train Accuracy: 86.97380307136407 
Validation Accuracy: 19.67479674796748
0.14114638647370956
[0.02816901 0.         0.0625     0.36571429 0.18181818 0.
 0.19469027 0.27972028 0.11494253 0.         0.2247191  0.24365482
 0.19354839 0.05555556 0.04878049 0.19753086 0.2081448 ]



Running Neural Network 2: learning rate 1e-09
17.88617886178862 71.36404697380307
17.073170731707318 71.49954832881662
17.073170731707318 71.90605239385727
17.073170731707318 72.83197831978319
16.91056910569106 71.72538392050586
16.666666666666668 71.40921409214091
16.72473867595819 71.42857142857142
16.463414634146343 71.39792231255645
16.89250225835592 71.68523537087222
16.747967479674795 71.58988256549232
Train Accuracy: 71.58988256549232 
Validation Accuracy: 16.747967479674795
0.1297254192668909
[0.17073171 0.         0.04081633 0.26190476 0.14906832 0.
 0.15584416 0.30769231 0.02247191 0.03773585 0.22222222 0.15294118
 0.17737003 0.09302326 0.05555556 0.21212121 0.14583333]



Running Neural Network 2: learning rate 1e-10
13.008130081300813 49.86449864498645
15.447154471544716 50.0
13.550135501355014 50.67750677506775
13.617886178861788 50.925925925925924
14.634146341463415 51.27371273712737
14.227642276422765 50.88828666064438
14.634146341463417 50.871080139372815
14.939024390243905 50.903342366756995
14.182475158084916 50.7276924621098
14.146341463414634 51.237579042457085
Train Accuracy: 51.237579042457085 
Validation Accuracy: 14.146341463414634
0.10169798184429947
[0.         0.         0.03738318 0.25454545 0.08333333 0.
 0.17431193 0.19310345 0.0754717  0.09836066 0.10638298 0.18068536
 0.11594203 0.         0.04545455 0.16766467 0.19622642]



Running Neural Network 2: learning rate 1e-11
13.008130081300813 25.293586269196027
13.008130081300813 23.080397470641373
13.550135501355014 23.366455886781086
13.617886178861788 23.532068654019874
13.17073170731707 23.721770551038844
13.685636856368562 23.95362842517314
14.169570267131244 23.89985804619951
14.83739837398374 23.769196025293585
14.543812104787715 23.667570009033422
15.040650406504065 23.504968383017165
Train Accuracy: 23.504968383017165 
Validation Accuracy: 15.040650406504065
0.10648073719327826
[0.08571429 0.         0.11627907 0.26506024 0.11428571 0.
 0.14883721 0.26950355 0.07476636 0.         0.04040404 0.14772727
 0.17313433 0.         0.         0.20496894 0.16949153]
