Namespace(compute_vocab=False, cross_k=10, embed_algo='glove', epochs=100, hidden_state='256,128,64,32', hidden_tuning=None, lam=0.2, lr='5.0,1.0,0.01', network='nn2', p=0.1, regulariser='l2')
[5.0, 1.0, 0.01]



Running Neural Network 2:  Lambda 5.0
22.764227642276424 25.203252032520325
21.951219512195124 25.429087624209576
23.306233062330623 25.26347485697079
23.170731707317074 25.40650406504065
23.089430894308943 25.510388437217706
23.035230352303525 25.519421860885274
23.69337979094077 25.887211253064912
23.882113821138212 25.869467028003612
25.022583559168925 25.664960353307237
24.959349593495936 25.853658536585368
Train Accuracy: 25.853658536585368 
Validation Accuracy: 24.959349593495936
0.15496332924477726
[0.         0.         0.25581395 0.48341232 0.25       0.
 0.2122449  0.39490446 0.07317073 0.         0.         0.22596154
 0.29972752 0.         0.         0.14440433 0.29473684]



Running Neural Network 2:  Lambda 1.0
30.08130081300813 26.467931345980126
27.642276422764226 26.60343270099368
25.745257452574524 26.648599819331526
27.235772357723576 26.716350496838302
26.178861788617883 26.86540198735321
26.016260162601622 26.85937970490816
26.36469221835075 26.558265582655824
26.321138211382113 26.56955736224029
26.648599819331526 26.558265582655828
26.50406504065041 26.287262872628723
Train Accuracy: 26.287262872628723 
Validation Accuracy: 26.50406504065041
0.1565697741763717
[0.         0.         0.175      0.52216749 0.3125     0.
 0.18025751 0.46875    0.         0.         0.         0.27686703
 0.29444444 0.         0.         0.1459854  0.28571429]



Running Neural Network 2:  Lambda 0.01
27.642276422764226 25.835591689250226
26.016260162601625 25.835591689250226
27.642276422764226 25.504366154772658
27.03252032520325 25.496838301716352
27.15447154471544 25.31165311653117
27.371273712737125 25.23336344474556
27.2938443670151 25.396825396825395
26.727642276422763 25.440379403794037
26.287262872628723 25.464217605139012
26.016260162601622 25.420054200542005
Train Accuracy: 25.420054200542005 
Validation Accuracy: 26.016260162601622
0.16677363447115634
[0.         0.         0.21176471 0.51612903 0.28767123 0.
 0.21645022 0.46875    0.22033898 0.         0.14084507 0.
 0.27173913 0.         0.         0.16       0.34146341]
